Check for the LLL reducedness:

Mu matrix:
[[0.00000, 0.00000, 0.00000, 0.00000, 0.00000, 0.00000],
[0.00000, 0.00000, 0.00000, 0.00000, 0.00000, 0.00000],
[0.00000, -0.00000, 0.00000, 0.00000, 0.00000, 0.00000],
[0.00000, 0.00000, -0.00000, 0.00000, 0.00000, 0.00000],
[0.00000, 0.00000, -0.00000, -0.00000, 0.00000, 0.00000],
[-0.00000, 0.00000, 0.00000, 0.00000, 0.00000, 0.00000]]

Lovasz vector:
[0.00000, 2.05000, 4.20172, 0.74750, 20.71912, 109.76392]
Final
[[-1, 1, -1, 1, -1, 0],
[1, -1, 0, 0, 0, -1],
[0, -1, 0, 0, 1, 1],
[0, 0, 0, 1, 1, -1],
[-2, -2, 3, 0, -2, 0],
[-5, -3, -4, -6, 0, -4]]

