14
[[1, 0, 0, 0, 0, 0, 0, 30, 26, 8, 38, 2, 40, 20],
[0, 1, 0, 0, 0, 0, 0, 20, 30, 26, 8, 38, 2, 40],
[0, 0, 1, 0, 0, 0, 0, 40, 20, 30, 26, 8, 38, 2],
[0, 0, 0, 1, 0, 0, 0, 2, 40, 20, 30, 26, 8, 38],
[0, 0, 0, 0, 1, 0, 0, 38, 2, 40, 20, 30, 26, 8],
[0, 0, 0, 0, 0, 1, 0, 8, 38, 2, 40, 20, 30, 26],
[0, 0, 0, 0, 0, 0, 1, 26, 8, 38, 2, 40, 20, 30],
[0, 0, 0, 0, 0, 0, 0, 41, 0, 0, 0, 0, 0, 0],
[0, 0, 0, 0, 0, 0, 0, 0, 41, 0, 0, 0, 0, 0],
[0, 0, 0, 0, 0, 0, 0, 0, 0, 41, 0, 0, 0, 0],
[0, 0, 0, 0, 0, 0, 0, 0, 0, 0, 41, 0, 0, 0],
[0, 0, 0, 0, 0, 0, 0, 0, 0, 0, 0, 41, 0, 0],
[0, 0, 0, 0, 0, 0, 0, 0, 0, 0, 0, 0, 41, 0],
[0, 0, 0, 0, 0, 0, 0, 0, 0, 0, 0, 0, 0, 41]]