Check for the LLL reducedness:

Mu matrix:
[[0.00000, 0.00000, 0.00000, 0.00000, 0.00000, 0.00000, 0.00000, 0.00000, 0.00000, 0.00000, 0.00000, 0.00000, 0.00000, 0.00000],
[0.00000, 0.00000, 0.00000, 0.00000, 0.00000, 0.00000, 0.00000, 0.00000, 0.00000, 0.00000, 0.00000, 0.00000, 0.00000, 0.00000],
[-0.44444, 0.44444, 0.00000, 0.00000, 0.00000, 0.00000, 0.00000, 0.00000, 0.00000, 0.00000, 0.00000, 0.00000, 0.00000, 0.00000],
[-0.44444, 0.00000, -0.32653, 0.00000, 0.00000, 0.00000, 0.00000, 0.00000, 0.00000, 0.00000, 0.00000, 0.00000, 0.00000, 0.00000],
[0.00000, 0.44444, -0.32653, -0.08740, 0.00000, 0.00000, 0.00000, 0.00000, 0.00000, 0.00000, 0.00000, 0.00000, 0.00000, 0.00000],
[0.11111, -0.11111, 0.34694, 0.31034, 0.34007, 0.00000, 0.00000, 0.00000, 0.00000, 0.00000, 0.00000, 0.00000, 0.00000, 0.00000],
[0.00000, 0.44444, -0.32653, -0.08740, 0.39311, 0.50000, 0.00000, 0.00000, 0.00000, 0.00000, 0.00000, 0.00000, 0.00000, 0.00000],
[0.33333, -0.22222, 0.40816, -0.44281, -0.40093, 0.31455, 0.12126, 0.00000, 0.00000, 0.00000, 0.00000, 0.00000, 0.00000, 0.00000],
[-0.33333, -0.33333, 0.00000, -0.35131, 0.47480, -0.49572, 0.38374, -0.15385, 0.00000, 0.00000, 0.00000, 0.00000, 0.00000, 0.00000],
[0.33333, -0.44444, 0.20408, -0.34688, 0.14250, 0.26106, -0.00856, -0.12308, -0.17697, 0.00000, 0.00000, 0.00000, 0.00000, 0.00000],
[-0.22222, 0.11111, -0.42857, 0.35370, -0.15188, -0.26391, 0.00285, 0.50000, -0.48848, 0.50000, 0.00000, 0.00000, 0.00000, 0.00000],
[0.22222, -0.11111, -0.48980, -0.44896, -0.10422, -0.05278, -0.42511, 0.15385, 0.15030, 0.28082, -0.50000, 0.00000, 0.00000, 0.00000],
[0.00000, -0.44444, -0.04082, 0.13964, -0.18415, -0.47504, 0.44223, 0.22308, 0.26364, 0.20548, 0.50000, 0.03030, 0.00000, 0.00000],
[0.00000, -0.22222, 0.16327, -0.40799, 0.44641, -0.35806, -0.25392, 0.50000, -0.20485, 0.02740, 0.50000, 0.15152, 0.28571, 0.00000]]

Lovasz vector:
[0.00000, 2.25000, 0.47222, 3.13889, 1.66043, 0.53952, 3.03204, 307.77542, 77.93509, 78.74672, 187.45697, 21.87603, 35.98031, 120.98106]
Final
[[1, 0, -1, 1, 0, -1, -1, -1, 0, -1, 0, 1, 1, 0],
[0, 1, 1, -1, 0, 1, -1, -1, -1, 0, 1, 0, 1, 0],
[-1, 1, 0, -1, -1, 1, 0, -1, 0, 1, 1, 0, -1, 0],
[-1, -1, 1, 0, -1, 1, 0, 1, 0, -1, 0, -1, 0, 1],
[-1, 1, 0, -1, 1, 0, -1, 0, -1, 0, -1, 0, 1, 1],
[-1, -1, -1, -1, -1, -1, -1, 0, 0, 0, 0, 0, 0, 0],
[-1, 0, 1, -1, 0, -1, 0, 0, -2, 0, 0, 1, 1, 0],
[-8, -1, 0, 9, 0, -1, 0, -4, 2, 6, 0, -4, 7, -7],
[8, 1, 0, 0, -8, -1, 2, 0, -5, 8, -7, -3, 1, 6],
[0, -9, -2, 1, 9, -1, 0, -6, -3, 2, 5, 0, -5, 7],
[-8, -1, 1, 1, 8, -7, 8, -8, 5, -4, 9, -10, 5, 3],
[1, 0, 0, 9, 2, -1, -9, 5, -7, 6, 3, -2, -5, 0],
[0, 0, 9, 2, -1, -9, 1, -7, 6, 3, -2, -5, 0, 5],
[-6, 3, 2, 3, 3, -6, 2, 2, 11, 6, 8, 0, 9, 5]]

