[[1, 0, -1, 1, 0, -1, -1, -1, 0, -1, 0, 1, 1, 0],
[0, 1, 1, -1, 0, 1, -1, -1, -1, 0, 1, 0, 1, 0],
[-1, 1, 0, -1, -1, 1, 0, -1, 0, 1, 1, 0, -1, 0],
[-1, -1, 1, 0, -1, 1, 0, 1, 0, -1, 0, -1, 0, 1],
[-1, 1, 0, -1, 1, 0, -1, 0, -1, 0, -1, 0, 1, 1],
[-1, -1, -1, -1, -1, -1, -1, 0, 0, 0, 0, 0, 0, 0],
[0, 1, 0, 1, 0, -1, 1, -1, -1, 0, 0, 2, 0, 0],
[-8, -1, 0, 9, 0, -1, 0, -4, 2, 6, 0, -4, 7, -7],
[8, 1, 0, 0, -8, -1, 2, 0, -5, 8, -7, -3, 1, 6],
[0, -9, -2, 1, 9, -1, 0, -6, -3, 2, 5, 0, -5, 7],
[0, 8, 0, -9, -1, -8, 8, 2, 7, -11, 3, -5, 2, 2],
[1, 0, 0, 9, 2, -1, -9, 5, -7, 6, 3, -2, -5, 0],
[-2, 1, 9, -1, 0, 0, -9, 2, 5, 0, -5, 7, -6, -3],
[3, 2, 3, 3, -6, 2, -6, 11, 6, 8, 0, 9, 5, 2]]